1.968615
-1.425849
-6.34833
-1.721354
-6.963726
-4.867879
-4.442436
-5.741903
-0.7765807
-3.49844
0.1634981
-7.25493
-9.421533
-12.798
-0.6687588
0.9097345
-11.35471
-5.0404
-1.327143
-9.901188
-9.377704
-4.091723
-7.397798
-4.927651
-4.043012
-1.253793
-4.687111
1.689358
-8.703599
-6.975626
-5.667799
-5.108193
-3.106623
-5.644173
-7.403961
-4.848407
-6.98951
-2.069965
-0.004389091
-4.022831
-2.725456
-1.78976
-5.744575
-6.029148
-6.147956
-9.980441
-10.06414
-6.693974
-2.079477
-10.00239
-4.298966
-0.8425188
-4.429024
2.275288
-1.862001
-5.911782
-7.221602
-4.434507
-13.55271
-3.374333
-7.81114
-4.879482
-4.336641
-4.803963
-7.290597
2.222485
-1.430481
-3.434654
-5.29449
-10.14883
-2.374142
-1.070394
-0.827035
-3.826286
2.885729
-5.104739
-9.580038
-7.326592
-5.768541
-0.9265741
-4.725274
-4.430667
-8.091148
-0.3852088
-6.95737
-7.073338
-7.71946
0.6937278
-1.811481
-8.016809
-2.689789
-0.09216133
-4.981248
-2.177303
5.158639
-1.253115
-0.09285557
-4.635439
-4.111352
-7.866309
-0.6214328
2.609918
-1.358596
-11.08051
1.148538
-4.945943
-2.454317
5.768602
-7.172086
2.554203
-4.400429
-3.986582
-0.5474698
-1.507254
5.249916
-3.848613
0.2747807
-0.6048092
-6.598562
0.4367921
-6.829555
0.191065
-6.030981
-2.534688
-0.2063747
2.492666
-0.8898507
3.136863
-1.650322
7.347969
7.606591
-2.873894
1.508835
-0.01785975
-0.1774862
-3.462254
1.112988
-3.590859
-4.391113
-0.2882081
1.415352
6.49751
2.650526
-1.993582
1.070984
-4.6133
5.374613
2.83766
-5.41478
-7.932546
-1.493735
-8.946875
-0.3872185
1.097215
-0.07924713
2.334465
-1.758009
0.5479554
0.01850052
-3.977023
2.851338
5.60268
2.433382
-2.099714
3.409725
-5.362185
-4.439157
-0.7015669
-5.325668
-3.66183
-3.308811
7.562577
-1.064677
-4.380153
5.735646
-3.832136
2.894641
1.93737
-2.084181
-7.743345
5.795263
-3.566569
-5.119562
3.925544
-0.9867464
-0.05113205
2.333553
6.347601
-3.615051
-5.014177
10.02639
-2.321074
-4.731705
-3.368586
-4.414802
-0.06980124
-7.193872
4.178844
-2.559342
-1.455661
5.037314
1.22446
5.921998
5.853416
5.856385
4.564796
6.511652
-1.138425
-3.202767
8.265155
3.483207
-5.350904
4.951635
-0.2403964
13.57318
0.4454543
3.58321
7.557332
-0.9656444
8.192106
9.379419
7.633164
6.142347
-3.98245
4.163153
3.349532
9.813981
2.131091
0.7745789
4.364061
2.468328
1.044431
4.195377
6.552409
3.808159
4.167384
6.471375
3.828177
5.466838
2.132762
7.587881
1.194168
1.409653
8.836174
4.628382
7.344898
4.484066
5.019578
12.53002
0.2701412
6.483835
8.478931
2.442511
6.794955
2.706993
2.000495
4.239153
9.26741
-2.96993
10.37027
10.40129
-3.325111
-2.621847
4.797352
8.852854
4.193752
5.865748
0.7169864
5.09365
7.44367
8.347931
10.18269
9.060936
3.449926
1.788466
7.113154
7.766271
11.4294
-1.074319
0.03794436
5.702814
5.222294
7.540201
2.9972
3.178159
2.391589
4.592056
3.572755
4.789639
5.68671
-1.86141
3.726751
3.319869
2.870367
10.34396
10.51602
-0.3159911
6.896227
9.23172
0.9694598
