-7.850796
-6.622939
-7.578845
-2.688103
-4.934951
-10.19483
-12.67265
0.1525948
-9.321689
-8.675697
-2.348593
-2.949383
-5.153627
-11.92955
-8.862668
-3.460396
-7.83186
2.519614
-5.844042
-6.28287
-13.00925
-5.693085
-12.25329
-5.804466
-6.618328
-8.385564
-1.720201
-6.0379
-7.692274
-6.331273
-4.446108
-3.835376
-3.329234
-2.069962
2.529167
-8.417152
-3.82539
-1.774091
-3.296039
-8.416426
-3.897033
-0.5819266
-4.454188
-8.400835
-1.275433
-7.122863
-6.653977
-1.944398
-8.178987
-13.27065
-4.446227
-7.099972
-6.771393
5.507739
-5.400043
0.3838762
0.6310203
-8.229841
-4.801551
-13.79676
-4.246561
-18.16412
-8.931833
-4.949372
-9.498007
-3.990488
-7.733926
-4.285461
-9.20649
-1.529413
-10.22643
-2.08518
-7.075035
-1.258201
-3.372343
1.332619
-10.90626
-8.289727
-10.62066
-7.255513
-12.28503
-12.04743
-13.11966
-4.960942
1.33002
-1.146174
-3.362696
-6.128525
-5.331701
-6.571813
-4.99246
3.138244
-5.132744
-8.509843
-5.638179
-0.4679314
-11.53498
-7.086214
-8.271634
-8.864329
-2.538871
-0.4425523
9.722798
12.00327
8.817391
4.10293
11.78067
5.357691
6.67317
3.027186
6.225186
4.734511
3.514229
4.803755
8.434768
15.34138
-1.636738
12.8814
12.94562
6.2922
6.871247
12.14757
9.222981
3.5035
5.914714
9.762005
1.701722
10.23987
6.067022
2.270503
-1.938395
5.606393
5.912812
6.698818
11.57558
2.420661
1.78974
1.970877
6.623325
5.667819
7.851084
1.726282
14.25331
3.216326
1.332359
2.839404
-3.16237
2.391484
0.3113534
-1.347379
3.087472
5.986522
1.789569
5.161645
3.547457
8.167165
-0.1069049
7.398203
4.295718
11.8885
11.25302
6.271683
2.778479
7.606367
2.881173
5.29742
-2.699723
3.059415
-1.073698
4.182885
5.228068
1.653229
8.447042
2.706091
10.63443
5.957229
11.2702
-0.3248685
7.694378
10.97729
10.04847
11.49329
-0.8360169
3.102653
2.804295
0.659376
-0.9212558
6.094926
11.11927
5.742434
5.459346
4.089248
9.404848
1.378803
6.440819
-2.534277
9.554355
10.04366
5.7273
5.785461
-10.70009
-0.532565
0.7011486
-0.6944122
-6.902235
-3.465695
-5.047154
0.3778207
5.353628
-0.5531518
-0.1760776
2.076844
-7.814425
0.7038992
1.419381
-3.951073
1.535658
1.703945
-1.005625
-1.071656
3.331049
-4.047424
2.53222
-5.38149
-1.099788
0.4219558
5.873432
1.86061
-7.281038
-0.9260247
2.150253
-3.163812
-1.366864
-0.05072562
-1.310549
4.08636
1.437489
-6.745044
4.751663
1.6056
3.51268
-3.900968
-1.85491
1.406975
1.048633
6.630244
-5.539918
2.899478
-0.597618
-0.2888606
-1.577403
-6.75041
0.6036419
0.8249885
11.64278
-2.677899
-0.7396067
0.5580669
0.06075413
6.94183
-0.2638126
-2.341282
-2.803123
1.715915
-6.207942
0.3487933
-1.408502
2.239685
0.2061601
-4.309895
2.337979
-2.819507
1.895468
-2.099929
-0.6795742
0.854374
5.600602
-4.226436
0.1909058
-8.001309
-1.866749
-0.1804263
0.7414983
-2.065154
-2.167975
1.961556
2.738587
2.544166
-0.6523911
0.05229706
5.741963
1.873434
-1.29905
-5.412968
-2.242002
-0.9652491
-5.771055
1.095472
-2.438039
2.462069
